9 8 16 4
0 0.000000 0.000000 0.0
1 1.000000 0.000000 0.0
2 0.000000 1.000000 0.0
3 1.000000 1.000000 0.0
4 0.500000 0.500000 0.0
5 0.500000 0.000000 0.0
6 1.000000 0.500000 0.0
7 0.500000 1.000000 0.0
8 0.000000 0.500000 0.0
5 4 0
6 4 3
7 4 2
8 4 1
9 5 0
10 5 1
11 6 1
12 6 3
13 7 2
14 7 3
15 8 0
16 8 2
17 8 4
18 7 4
19 6 4
20 5 4
6 8 4 2 7 16 17
7 8 0 4 5 17 15
8 7 4 3 6 14 18
9 7 2 4 7 18 13
10 6 4 1 8 11 19
11 6 3 4 6 19 12
12 5 4 0 5 9 20
13 5 1 4 8 20 10
0 3 0 1 5 
1 3 1 3 6 
2 3 2 3 7 
3 3 0 2 8 
