13 16 28 4
0 0.000000 0.000000 0.0
1 1.000000 0.000000 0.0
2 0.000000 1.000000 0.0
3 1.000000 1.000000 0.0
4 0.500000 0.500000 0.0
5 0.500000 0.000000 0.0
6 1.000000 0.500000 0.0
7 0.500000 1.000000 0.0
8 0.000000 0.500000 0.0
9 0.250000 0.250000 0.0
10 0.750000 0.750000 0.0
11 0.250000 0.750000 0.0
12 0.750000 0.250000 0.0
9 5 0
10 5 1
11 6 1
12 6 3
13 7 2
14 7 3
15 8 0
16 8 2
17 8 4
18 7 4
19 6 4
20 5 4
21 9 4
22 9 0
23 10 4
24 10 3
25 11 4
26 11 2
27 12 4
28 12 1
29 11 8
30 9 8
31 10 7
32 11 7
33 12 6
34 10 6
35 9 5
36 12 5
14 11 8 4 17 25 29
15 11 2 8 16 29 26
16 9 8 0 15 22 30
17 9 4 8 17 30 21
18 10 7 4 18 23 31
19 10 3 7 14 31 24
20 11 7 2 13 26 32
21 11 4 7 18 32 25
22 12 6 4 19 27 33
23 12 1 6 11 33 28
24 10 6 3 12 24 34
25 10 4 6 19 34 23
26 9 5 4 20 21 35
27 9 0 5 9 35 22
28 12 5 1 10 28 36
29 12 4 5 20 36 27
0 3 0 1 5 
1 3 1 3 6 
2 3 2 3 7 
3 3 0 2 8 
